#One Instance of the Gases Simulation
#Thu Nov 26 19:36:28 PST 2015
y0=0.0
y29=0.0
y28=0.0
y27=0.0
y26=0.0
y25=0.0
y24=0.0
y23=0.0
y22=0.0
y21=0.05
y20=0.0
size=30
x29=0.96666664
x28=0.93333334
x27=0.9
x26=0.8666667
x25=0.8333333
x24=0.8
x9=0.3
x23=0.76666665
x8=0.26666668
x22=0.73333335
x7=0.23333333
x21=0.7
x6=0.2
x20=0.6666667
x5=0.16666667
x4=0.13333334
x3=0.1
x2=0.06666667
x1=0.033333335
x0=0.0
y19=0.05
y18=0.0
y17=0.0
y16=0.0
y15=0.0
y14=0.05
y13=0.05
y12=0.0
y11=0.1
y10=0.0
x19=0.6333333
x18=0.6
x17=0.56666666
x16=0.53333336
x15=0.5
x14=0.46666667
x13=0.43333334
x12=0.4
x11=0.36666667
x10=0.33333334
y9=0.1
y8=0.0
y7=0.2
y6=0.05
y5=0.1
y4=0.05
y3=0.1
y2=0.05
y1=0.05
