#LatticeSize = 32
#Fri Oct 16 23:22:03 PDT 2015
y0=0.6666667
size=20.0
x9=0.45000005
x8=0.40000004
x7=0.35000002
x6=0.3
x5=0.25
x4=0.2
x3=0.15
x2=0.1
x1=0.05
x0=0.0
y19=1.0
y18=1.0
y17=1.0
y16=1.0
y15=1.0
y14=1.0
y13=1.0
y12=1.0
y11=1.0
y10=1.0
x19=0.95000017
x18=0.90000015
x17=0.85000014
x16=0.80000013
x15=0.7500001
x14=0.7000001
x13=0.6500001
x12=0.6000001
x11=0.5500001
x10=0.50000006
y9=1.0
y8=1.0
y7=1.0
y6=1.0
y5=0.99999994
y4=0.99997216
y3=0.89522034
y2=0.75361854
y1=0.6952654
