#LatticeSize = 4
#Fri Oct 16 23:38:48 PDT 2015
y0=0.58460844
size=20.0
x9=0.45000005
x8=0.40000004
x7=0.35000002
x6=0.3
x5=0.25
x4=0.2
x3=0.15
x2=0.1
x1=0.05
x0=0.0
y19=0.5838025
y18=0.58319473
y17=0.5829866
y16=0.5833438
y15=0.58494616
y14=0.58421135
y13=0.58459854
y12=0.5854833
y11=0.5845074
y10=0.5846794
x19=0.95000017
x18=0.90000015
x17=0.85000014
x16=0.80000013
x15=0.7500001
x14=0.7000001
x13=0.6500001
x12=0.6000001
x11=0.5500001
x10=0.50000006
y9=0.58480066
y8=0.5868137
y7=0.584779
y6=0.5830244
y5=0.583029
y4=0.5835541
y3=0.58554465
y2=0.5831181
y1=0.5851919
